#
#
#
#
#
#
10.602	1.000	16.000	18.080	0.821
10.602	1.010	16.000	18.053	0.830
10.602	1.020	16.000	18.026	0.838
10.602	1.030	16.000	17.999	0.846
10.602	1.040	16.000	17.972	0.854
10.602	1.050	16.000	17.945	0.862
10.602	1.060	16.000	17.918	0.871
10.602	1.070	16.000	17.891	0.879
10.602	1.080	16.000	17.864	0.887
10.602	1.090	16.000	17.837	0.895
10.602	1.100	16.000	17.810	0.904
10.602	1.110	16.000	17.783	0.912
10.602	1.120	16.000	17.756	0.920
10.602	1.130	16.000	17.729	0.928
10.602	1.140	16.000	17.702	0.936
10.602	1.150	16.000	17.675	0.945
10.602	1.160	16.000	17.649	0.953
10.602	1.170	16.000	17.622	0.961
10.602	1.180	16.000	17.595	0.969
10.602	1.190	16.000	17.568	0.977
10.602	1.200	16.000	17.541	0.986
10.602	1.000	16.200	18.060	0.842
10.602	1.010	16.200	18.033	0.850
10.602	1.020	16.200	18.005	0.859
10.602	1.030	16.200	17.978	0.867
10.602	1.040	16.200	17.951	0.876
10.602	1.050	16.200	17.924	0.884
10.602	1.060	16.200	17.897	0.892
10.602	1.070	16.200	17.869	0.901
10.602	1.080	16.200	17.842	0.909
10.602	1.090	16.200	17.815	0.918
10.602	1.100	16.200	17.788	0.926
10.602	1.110	16.200	17.761	0.935
10.602	1.120	16.200	17.733	0.943
10.602	1.130	16.200	17.706	0.951
10.602	1.140	16.200	17.679	0.960
10.602	1.150	16.200	17.652	0.968
10.602	1.160	16.200	17.625	0.977
10.602	1.170	16.200	17.598	0.985
10.602	1.180	16.200	17.570	0.993
10.602	1.190	16.200	17.543	1.002
10.602	1.200	16.200	17.516	1.010
10.602	1.000	16.400	18.039	0.863
10.602	1.010	16.400	18.012	0.871
10.602	1.020	16.400	17.984	0.880
10.602	1.030	16.400	17.957	0.889
10.602	1.040	16.400	17.929	0.897
10.602	1.050	16.400	17.902	0.906
10.602	1.060	16.400	17.875	0.914
10.602	1.070	16.400	17.847	0.923
10.602	1.080	16.400	17.820	0.932
10.602	1.090	16.400	17.792	0.940
10.602	1.100	16.400	17.765	0.949
10.602	1.110	16.400	17.738	0.958
10.602	1.120	16.400	17.710	0.966
10.602	1.130	16.400	17.683	0.975
10.602	1.140	16.400	17.655	0.983
10.602	1.150	16.400	17.628	0.992
10.602	1.160	16.400	17.601	1.001
10.602	1.170	16.400	17.573	1.009
10.602	1.180	16.400	17.546	1.018
10.602	1.190	16.400	17.518	1.027
10.602	1.200	16.400	17.491	1.035
